DES-ECB CIPHER
Minium: 0.037000 ms
Maximum: 4.848000 ms
Average: 0.038430 ms
E-DES CIPHER
Minium: 0.080000 ms
Maximum: 2.286000 ms
Average: 0.104629 ms
